time,x,y,z,phi,theta,psi,x_velocity,y_velocity,z_velocity,phi_velocity,theta_velocity,psi_velocity,rotor_speed1,rotor_speed2,rotor_speed3,rotor_speed4
0.06,8.57115978791e-08,-7.24946266656e-08,10.0041040678,6.28307139797,6.28303679489,0.0,1.02702639512e-05,-8.2149926152e-06,0.136794927457,-0.00599528886608,-0.00795307694557,0.0,449.00322645002103,448.35771316892266,448.40794748690683,447.9207804441602
0.12000000000000001,5.85327268325e-06,-4.39689117193e-06,10.0160198651,6.2827423888,6.28230209414,0.0,0.000244014607129,-0.000172239774082,0.260377459195,-0.00447899678614,-0.0226217500418,0.0,445.6152550714315,444.4148624323738,443.6228809891801,443.7474421864945
0.18,4.17258503752e-05,-2.37870173319e-05,10.0327015322,6.28266169558,6.28095032856,0.0,0.00107692313863,-0.000489650871708,0.295669130365,0.00428385311942,-0.0223454361077,0.0,415.58920884860095,415.6133541178641,415.9025559076618,416.669240849385
0.23999999999999996,0.000162524050978,-6.37542643248e-05,10.0556512984,6.28317733713,6.28006547845,0.0,0.00307157839958,-0.000797640092133,0.469266940954,0.0160590748966,-0.00275157176934,0.0,458.24821888995496,459.8029398173235,460.05920987138194,460.9903471383387
0.3,0.000416277809006,-0.000104977088278,10.088220439,0.00252364891939,6.27998064192,0.0,0.00540014462935,-0.00035949549748,0.616302572551,0.0701096617529,0.00113560757271,0.0,451.86545516644395,452.17869045163684,449.45634145366114,453.81581509467327
0.36000000000000004,0.000816302914463,-4.78902855481e-05,10.1313404036,0.00631166216468,6.27970220126,0.0,0.00794165480836,0.00273876396466,0.820902931954,0.0431183077306,-0.0198712507952,0.0,470.4625563022587,468.83353112110024,470.0755476537918,467.9820975074318
0.4200000000000001,0.00137095814707,0.000259777890265,10.1840505512,0.00854799005042,6.27856625862,0.0,0.0106678102204,0.00777159413338,0.936012062105,0.0217934555732,-0.0171179444504,0.0,441.4672077968219,441.6943486321691,444.0465558428186,442.29459427263276
0.48000000000000015,0.00212097342868,0.000926945191713,10.2454098474,0.0095086021462,6.27751179379,0.0,0.0144493747778,0.0145980929707,1.10914384993,0.000756142180115,-0.0185032890118,0.0,460.47413421500346,460.3646276859452,461.2678314261881,459.6036209938194
0.5400000000000001,0.00313934223483,0.00204776465722,10.3200466766,0.00941158315268,6.27635678529,0.0,0.0196384225461,0.0227571546861,1.37846446787,-0.0068451490565,-0.020787205007,0.0,487.92152797495396,487.75108657150656,490.2729407064838,489.7079475454803
0.6000000000000002,0.00446941902283,0.00361383042005,10.4065877837,0.00861482772596,6.27503438092,0.0,0.0248325003413,0.02938463119,1.50607895174,-0.0310150169173,-0.0246712546671,0.0,447.4828130720167,447.1665389216247,448.59427836038014,446.62757134291655
0.6600000000000003,0.0061262794483,0.00554092816718,10.499126351,0.00677209355674,6.27374157279,0.0,0.030530478148,0.0346697886886,1.57844280829,-0.0301135569874,-0.0159345790877,0.0,430.4948635411549,431.2333969949737,429.7346383736322,429.8106862076523
0.7200000000000003,0.00813582745524,0.00774025110894,10.5946658183,0.005113594744,6.27298476444,0.0,0.0365315989515,0.0384828322625,1.60616758446,-0.0231076002388,-0.00668446032854,0.0,415.81175442157803,416.62135091459425,415.20831321303353,415.8221939099468
0.7800000000000004,0.0105354158205,0.0101476049938,10.6936218242,0.00384009856568,6.27207162822,0.0,0.0435076089944,0.0416289620617,1.69224227282,-0.0177033479366,-0.0437101071613,0.0,436.9094790486053,433.8116997712883,434.46075382710796,434.91358105400354
0.8400000000000004,0.0134320036773,0.012735346551,10.8021626278,0.0029450279253,6.26936888992,0.0,0.053364933949,0.0445092243967,1.92541800378,-0.00985971607645,-0.0478593268734,0.0,480.2995343095065,479.9837611024195,479.5912271660241,480.1866798892354
0.9000000000000005,0.0169345638571,0.0154655214685,10.9209846328,0.002606933194,6.26648019346,0.0,0.0636821953632,0.046449087577,2.03512192592,0.00170120385378,-0.0487221795612,0.0,444.12395457113786,444.0517644368279,442.62085328573045,443.5713061222724
0.9600000000000005,0.0210844502865,0.0183023941258,11.0445035814,0.00255364028076,6.26340026687,0.0,0.0749278698073,0.0481159177093,2.08208633877,-0.00664844452891,-0.0571404560194,0.0,424.0641060589789,423.3385429137825,424.42780355475617,423.71063800639524
1.0200000000000005,0.026004769943,0.0212407700897,11.1725732371,0.0019726462127,6.26012296229,0.0,0.0894225376323,0.0497799463659,2.18670006432,-0.01657377372,-0.0500099064757,0.0,441.57424348895205,442.160014658316,443.75928796666267,442.9439560469904
1.0800000000000005,0.0318273985698,0.0242620303463,11.3054745917,0.000689170247745,6.25696794106,0.0,0.104955924774,0.050821869629,2.24322798574,-0.0333783152508,-0.0583021585491,0.0,429.0375385378369,428.3310068513325,427.3579929790949,425.9231998607895
1.1400000000000006,0.0386913602023,0.0273178708249,11.4435118753,6.28168733723,6.25376907575,0.0,0.124183579234,0.0508220306577,2.35777493349,-0.0434429457446,-0.0448503464476,0.0,445.7247459160679,446.82078153318525,446.96240502342175,446.1408083496333
1.2000000000000006,0.0467221866216,0.0303288352398,11.5866986742,6.27924387542,6.25080684974,0.0,0.14377522803,0.0493025268149,2.41498913636,-0.0357781731775,-0.0604294943786,0.0,429.55076414956744,428.2259199589528,428.14096896054156,428.79163516597475
1.2600000000000007,0.0560041750683,0.0332007710017,11.7337857604,6.2771400202,6.24760604461,0.0,0.165950460876,0.0462211902401,2.48774422333,-0.0336736342531,-0.0420126094111,0.0,432.10144389749263,433.64912545036873,435.0068830008154,435.18251574554694
1.3200000000000007,0.0667625919616,0.0358310901374,11.8876226647,6.27489760283,6.24468882711,0.0,0.192943140034,0.0412259740021,2.63979939916,-0.0460475518568,-0.0670562974446,0.0,460.30158122576364,458.3139076079283,459.3883708222476,458.40552270502053
1.3800000000000008,0.0791421372531,0.038124418467,12.0488112094,6.27206448483,6.24033231495,0.0,0.220118912769,0.0349379667281,2.73291157024,-0.0496693116178,-0.0870300947498,0.0,442.34157563929404,440.68937193025414,441.85539429318493,441.55535748753624
1.4400000000000008,0.0931977770722,0.0399944123612,12.214490914,6.26887953065,6.23525776292,0.0,0.248887434114,0.027103435638,2.78957895577,-0.060970482589,-0.0800737504654,0.0,430.8906498555396,431.4721989121882,430.2601703773877,429.30032274903925
1.5000000000000009,0.109110696156,0.0413196369477,12.3842802275,6.26517441167,6.23090953299,0.0,0.281982725992,0.0167094074996,2.86983364504,-0.0633619098731,-0.0604729557973,0.0,438.0164530332233,439.6391839761019,438.1195392691826,437.91786230803115
1.560000000000001,0.127289025066,0.0418775541759,12.5625835099,6.26172334662,6.22711604098,0.0,0.324366646037,0.00147545026167,3.07304702619,-0.0478412237216,-0.0693882648568,0.0,477.54830047620584,476.8651387117085,475.082053978095,476.26847951360344
1.620000000000001,0.147952946851,0.0415011012089,12.7504422697,6.25842272482,6.22265237337,0.0,0.364858225669,-0.0143309531996,3.18855523578,-0.0759030989096,-0.0869785762116,0.0,452.16668842290653,450.74297408420455,452.057190604161,449.7879830931878
1.680000000000001,0.171006303864,0.0401573887599,12.9429808942,6.2537553224,6.21749521062,0.0,0.404061651508,-0.0308849773813,3.22923359425,-0.081856926184,-0.0839773966547,0.0,428.53834596155747,428.78699595144576,427.9492505278686,427.4370533825437
1.740000000000001,0.196451284361,0.0377574307324,13.137097527,6.24907662717,6.21256905789,0.0,0.444542809909,-0.0495370391333,3.24123255762,-0.0711759415512,-0.0785964409141,0.0,419.45181748904685,419.9129602457911,418.01360111291064,418.9380619730519
1.8000000000000012,0.224365977518,0.0341792811629,13.3312766958,6.24524046853,6.20795856624,0.0,0.486345550469,-0.0700789666188,3.23138050864,-0.0523999932749,-0.0735462495075,0.0,412.06720714122804,412.50823131326877,410.7206081231986,412.3790604647244
1.8600000000000012,0.2548319226,0.0293234131494,13.5243892587,6.24193594176,6.20324034727,0.0,0.529566213702,-0.0920525775958,3.20572352358,-0.0610471202591,-0.0914959403462,0.0,408.33137262966227,406.7211363837366,406.0016067195149,405.22261509750206
1.9200000000000013,0.287980087888,0.0230889016043,13.7160341384,6.23850134754,6.19769289015,0.0,0.575835768145,-0.116061155183,3.18243685472,-0.0505556970936,-0.0944523592442,0.0,407.5319376727692,407.25951619840953,406.85781482004995,407.7934693034492
1.9800000000000013,0.324395231886,0.0151510979698,13.9108407997,6.23562643904,6.19195014106,0.0,0.638570686387,-0.148825237896,3.31066338366,-0.0430990387874,-0.0983578675757,0.0,456.7420300072765,456.4228914997311,456.2184257482267,456.81208179476
2.0400000000000014,0.364668447311,0.00520359785654,14.1130058711,6.23337901268,6.18595568184,0.0,0.704452538948,-0.182987874163,3.4277286923,-0.0280603760533,-0.103200041445,0.0,454.2227661830913,453.8258743674597,453.5125643246979,454.7182406020196
2.1000000000000014,0.409126875304,-0.00688960022573,14.323243582,6.23250848344,6.17962640812,0.0,0.778126973197,-0.220221065973,3.57962003691,0.00401790527375,-0.110504055989,0.0,465.24094592311303,464.65946361675657,465.0603311548813,467.5662693648212
2.1600000000000015,0.457867938816,-0.0210945656841,14.5399321571,6.23283313333,6.17341672938,0.0,0.847161853598,-0.253235603265,3.64303106311,0.00806060891312,-0.0922598034006,0.0,438.6638791882744,440.1667068761339,439.1293138399204,439.4644637381241
2.2200000000000015,0.510523908084,-0.0371174637351,14.7573248855,6.23303398051,6.1677697832,0.0,0.908494580941,-0.280834459516,3.60343697555,-0.00831384643827,-0.0981099698431,0.0,405.5981775502851,405.06391931493783,406.8502530859372,405.38138704936694
2.2800000000000016,0.567384735746,-0.0549811325044,14.9760231161,6.23265899645,6.16197692176,0.0,0.987401827986,-0.314646547198,3.686124321,-0.00241166288443,-0.0935952976095,0.0,445.2268659591634,445.5881604884716,446.4850717347274,446.9664739479072
2.3400000000000016,0.629416613068,-0.0750128658133,15.2023042434,6.23218165958,6.15728054399,0.0,1.08080806012,-0.353075977646,3.85589302302,-0.0223598145154,-0.0581267291785,0.0,471.9021539774413,474.6272072141466,474.58045459312143,473.0468639122121
2.4000000000000017,0.697103060825,-0.0973469428843,15.4383919712,6.23100635528,6.15392873392,0.0,1.17569347445,-0.391500060802,4.01304309259,-0.0145537814679,-0.0516846116685,0.0,471.3446172978277,471.8403193067743,470.4079796421616,471.0121547525895
2.4600000000000017,0.770087438715,-0.121824444471,15.6803389241,6.22975611233,6.151226788,0.0,1.25734499592,-0.424501399485,4.05162770056,-0.0379736678572,-0.0342614697478,0.0,435.0936985032108,436.5487854635295,436.3792352660601,434.41960056356163
2.520000000000002,0.847988617235,-0.14829987587,15.9243957051,6.2271025294,6.14882464427,0.0,1.33952050205,-0.458226872769,4.08339318773,-0.0612366217414,-0.0552521082035,0.0,434.5465330757714,432.78221807981987,435.08809542286207,433.13456764279533
2.580000000000002,0.93079577903,-0.176823317275,16.1698405899,6.22413005667,6.14590412851,0.0,1.42095909078,-0.492838926339,4.09793903882,-0.0328652103408,-0.0380045778341,0.0,427.7551056411679,429.21985660199044,427.75930621743095,430.1668981430753
2.640000000000002,1.01873344645,-0.207557473412,16.4175814368,6.22238728568,6.14319431839,0.0,1.51046666819,-0.531794701872,4.15975774952,-0.02233360112,-0.0660120245621,0.0,446.136991994733,443.84268387055516,443.32318965901413,444.1875169167169
2.700000000000002,1.11188733808,-0.2405705196,16.6675567407,6.22187661794,6.13978692844,0.0,1.59494739988,-0.568708875468,4.17259060289,0.010273424569,-0.0428303287938,0.0,428.4922200291329,430.45610353015036,427.6388643460903,430.4077356815198
2.760000000000002,1.21048697409,-0.27593829468,16.9205303817,6.22337364347,6.13686363764,0.0,1.69189226325,-0.610080268339,4.25943634942,0.0445254783794,-0.0643624467302,0.0,455.082143284353,453.35362455073533,451.02239728981607,453.7806866522981
2.820000000000002,1.31396022095,-0.313351343693,17.1719572822,6.22580874602,6.13273153631,0.0,1.7575232083,-0.636882035695,4.12190197096,0.0312345101072,-0.0798816813099,0.0,377.99033931021006,376.4869034509653,379.0512309915016,377.77276293674083
2.880000000000002,1.4227965442,-0.352855453988,17.4241136785,6.22781895549,6.12794441522,0.0,1.87074987532,-0.67966858943,4.28254776135,0.0376929944354,-0.0795935018667,0.0,475.5625594677185,475.57998023755897,475.9270392565962,476.42150918007695
2.940000000000002,1.53807264721,-0.394721465458,17.6830063665,6.23034305528,6.12306953706,0.0,1.97216817985,-0.715618158744,4.34681385314,0.0496294642718,-0.0847787822379,0.0,448.15013328665174,447.7231214166524,447.3071076897304,448.27913999211415
3.000000000000002,1.66034370031,-0.438957383477,17.9507826515,6.23325640868,6.11762716404,0.0,2.10396417871,-0.758504203192,4.57793839521,0.0463180964231,-0.106472507721,0.0,500.03011570957364,498.4409486825517,498.32766510356475,498.08669861945805
3.0600000000000023,1.78993236048,-0.485484042739,18.2281170796,6.23608446277,6.11151666079,0.0,2.21616760203,-0.7920840457,4.66597378832,0.0487179972073,-0.0939034926302,0.0,457.12388896217396,458.11575916419713,459.35397580911774,459.5455237246003
3.1200000000000023,1.9257269405,-0.533797416729,18.5070480921,6.23852501407,6.10583702624,0.0,2.31075193539,-0.818142041744,4.63170704839,0.0152789347703,-0.096218228177,0.0,420.1327977536147,419.92384036578505,421.7156500330161,418.81769807379465
3.1800000000000024,2.06760191453,-0.583719725043,18.7856753643,6.23948667465,6.10025874875,0.0,2.41884577931,-0.845843774027,4.6555658537,0.0174845470032,-0.0871648974307,0.0,438.95429041471914,439.69759964671647,439.5394008974579,439.7220887918849
3.2400000000000024,2.21585601221,-0.635240578155,19.0646524335,6.24038619373,6.09466821029,0.0,2.52335627757,-0.871436066172,4.64352859982,0.00947207944279,-0.109251040257,0.0,428.46613338725996,426.575985236325,429.502256498601,428.8219696637989
3.3000000000000025,2.37078263647,-0.688352935706,19.3445088644,6.24084239791,6.08854866479,0.0,2.64134312414,-0.898917414744,4.68459753396,0.00357627284545,-0.0904356851136,0.0,445.12918760054015,446.65730601140854,446.4108208184997,445.92928695484306
3.3600000000000025,2.53275808001,-0.74307918939,19.6261436092,6.24110578388,6.08322240372,0.0,2.75822178136,-0.925264092402,4.7029208238,0.00596912447518,-0.0856359036395,0.0,439.6262349054832,440.017158047994,439.2452435545664,439.44358868692797
3.4200000000000026,2.70204677757,-0.799426630915,19.9099245192,6.24132649871,6.07751011134,0.0,2.88509269803,-0.952943822914,4.75596528175,-0.00134912270793,-0.133056438853,0.0,453.4196770114694,449.5843498476586,451.5736267280061,450.98275127381487
3.4800000000000026,2.87827936377,-0.857277856954,20.1931695571,6.24126479053,6.0692072525,0.0,2.98992601842,-0.975444544181,4.68556069373,-0.000394703558391,-0.152008723316,0.0,412.24267534777334,410.5444622478451,411.67028517820995,411.7547670366008
3.5400000000000027,3.06157266856,-0.916604717971,20.4751268236,6.24120175115,6.05990337819,0.0,3.1205631207,-1.00210852061,4.71251741694,-0.00239605265298,-0.161999450885,0.0,444.5291496178444,443.68671211185426,444.4104595203959,444.24638301799314
3.6000000000000028,3.25245248968,-0.977457131244,20.756862956,6.24128269843,6.0510216551,0.0,3.24278019762,-1.02630632039,4.67847090543,0.00794827167502,-0.129122342375,0.0,423.1734466404962,425.97195090538145,425.2852381734088,426.1704728030633
3.660000000000003,3.45086750609,-1.03977157626,21.0368335483,6.24191625134,6.04348988862,0.0,3.37159411297,-1.05079495324,4.65365390918,0.0153273401603,-0.119175048775,0.0,427.8825993972081,428.7136990657889,428.80919885598945,429.43557688543507
3.720000000000003,3.65749726526,-1.10360728632,21.3168203238,6.24268131527,6.03696106989,0.0,3.51651492333,-1.07697599954,4.67877650603,0.00702408336334,-0.0935696983161,0.0,445.367610460365,447.44652468350597,445.3285183620279,444.6485857506574
3.780000000000003,3.87297783226,-1.16901137492,21.5985189591,6.24339190256,6.03113642983,0.0,3.66650603099,-1.10309748821,4.71069991745,0.0200641170921,-0.10521710887,0.0,449.1869704021063,448.2332219455255,448.49006087427915,449.54800042601835
3.840000000000003,4.09801451566,-1.23603970456,21.883912247,6.24446004101,6.02563508158,0.0,3.83502666566,-1.13104490259,4.80161436737,0.0128446365567,-0.0731945098779,0.0,467.3367388149036,469.81937776787424,468.7659845012898,468.204464291229
3.900000000000003,4.3332081821,-1.30472043327,22.1745969883,6.24480444148,6.02203657615,0.0,4.00486243602,-1.15823294054,4.88715303292,-0.0148718903712,-0.0417733410847,0.0,467.3076769384297,469.7482971892932,469.4611047144141,467.3051600758151
3.960000000000003,4.57919490731,-1.37511354578,22.4724963193,6.24424158907,6.01954342091,0.0,4.19456478284,-1.18824926207,5.04176042388,-0.000194047156589,-0.0411148122273,0.0,490.7624442760985,490.81058786462796,490.28382796234024,491.3734355162585
4.020000000000002,4.83491981697,-1.44707780914,22.7734875438,6.2440947686,6.01783993051,0.0,4.32962818167,-1.21057631236,4.991312626,-0.00738406146232,-0.0106717821748,0.0,427.19491848007857,429.7830731948581,428.0958992521208,427.4835749945875
4.080000000000001,5.09935332295,-1.52047526835,23.0737014522,6.24376784652,6.01699219934,0.0,4.48463981113,-1.2360371226,5.01549824801,-0.00183446018726,-0.0221384379476,0.0,452.6682014175409,451.74444100504076,452.9108194088774,453.35712679420965
4.14,5.37236062881,-1.5953043543,23.3727604909,6.24381696416,6.01598465589,0.0,4.61556387945,-1.25828311486,4.95326508081,0.00565745932848,-0.00781142694497,0.0,424.43424015737634,425.662392493606,424.07223790477093,424.7154216661837
4.199999999999998,5.65322456323,-1.67147143288,23.6681666786,6.24435349589,6.01510027167,0.0,4.74647452041,-1.28060158213,4.89374739867,0.0148131910742,-0.0345558815413,0.0,426.5191561299246,424.22839600682966,424.87711356189766,425.6614218061232
4.259999999999997,5.94344770224,-1.74918388663,23.9655290729,6.24525169078,6.01348193377,0.0,4.92740963094,-1.30969753549,5.01744334264,0.01528152458,-0.0149954929251,0.0,482.7334465762261,484.20731099672395,484.0764328090065,484.11155481789024
4.319999999999996,6.24298674154,-1.82841567968,24.2647676427,6.24634223351,6.01273173782,0.0,5.0571383251,-1.33130168571,4.95732125499,0.0234127433544,-0.00793440067471,0.0,426.7758336698971,427.3783477452382,426.1727298087535,426.8672901548832
4.379999999999995,6.55061773372,-1.90897232837,24.5616133786,6.247405396,6.0120897488,0.0,5.19705681186,-1.35382448271,4.93747895141,0.00278882296894,-0.0169005628612,0.0,440.24113926964407,439.4985806698921,440.977830525817,439.2704688845582
4.439999999999993,6.86588584241,-1.99077489162,24.8546480294,6.24761938197,6.01164783783,0.0,5.31183515663,-1.37293963833,4.83074443525,0.0050780687634,0.00696096413779,0.0,409.36056373124904,411.4789862928581,410.20411565680394,410.4073370220014
4.499999999999992,7.18983730488,-2.07395693564,25.1478750878,6.24845704072,6.01220657562,0.0,5.48606417889,-1.3997183735,4.9427674401,0.0275270001743,0.0136429656704,0.0,480.5827176145849,481.08889528532336,480.27819640006163,481.97805087377475
4.559999999999991,7.52339131109,-2.15862824085,25.4449783883,6.25014831245,6.01296346716,0.0,5.63203724265,-1.42251675752,4.96048403705,0.0294776745064,0.0104750490328,0.0,453.1792433784313,452.92435399856237,452.9186078019922,453.07569503160335
4.6199999999999894,7.86604890816,-2.24468756105,25.7446149419,6.25165465629,6.01344326709,0.0,5.78945534915,-1.44596615779,5.02693047112,0.014491493183,0.0025112266479,0.0,468.52532711640055,467.9055046627961,470.04871418142665,468.8857354333965
4.679999999999988,8.21824270398,-2.33214658247,26.0487723115,6.25293318212,6.01361647613,0.0,5.949916073,-1.46921970594,5.11104767646,0.0322995864306,0.00362766672352,0.0,475.75892941596464,475.84436152033,474.1053062390555,475.47184011480516
4.739999999999987,8.57942344584,-2.42091082879,26.3558491796,6.25475241996,6.01379356202,0.0,6.08912598135,-1.48943049259,5.12465608301,0.0260365617495,0.00156335300741,0.0,453.9689831477859,453.8032129594418,455.21612779372987,454.71483501945806
4.799999999999986,8.94836341498,-2.51080403409,26.6617843547,6.25619039038,6.01358898629,0.0,6.20867801611,-1.50690915483,5.07335417016,0.0194661695765,-0.0158965069934,0.0,434.8131131610695,433.3476145690026,433.2744799704879,432.7216764312518
4.859999999999984,9.32461599549,-2.60174433292,26.9652996174,6.25740892185,6.01303476184,0.0,6.3329024875,-1.52434896896,5.04383341122,0.0219429704006,0.00154638726416,0.0,439.4081756606504,440.85226992851614,440.7167672811198,440.9214665611306
4.919999999999983,9.70845480589,-2.69372906684,27.2676776168,6.25874144526,6.01281924707,0.0,6.46145507911,-1.54170678418,5.03536145298,0.022734948489,-0.0166190054557,0.0,447.95981471610804,446.4799150108259,447.36919025259385,447.4337041424317
4.979999999999982,10.100295799,-2.78676353702,27.5707431251,6.26022081772,6.01181667545,0.0,6.59966871406,-1.55931685431,5.06647361283,0.028245250085,-0.016891178242,0.0,460.12230601407913,460.1008491933732,460.14387932900706,460.580056325085
5.0399999999999805,10.4994522044,-2.88075184585,27.8722727704,6.2617620027,6.0103732856,0.0,6.70547834799,-1.57352585691,4.98482342153,0.0200034284117,-0.0449411561546,0.0,424.62154633438684,422.2074800825998,424.50570062385253,423.79784439742446
